cyan heavy stylize
0,0,255
0,255,0
255,0,0
255,255,0
0,255,255
255,0,255
0,150,150
0,50,50
0,200,200

virtual boy
5,0,0
10,0,0
15,0,0
20,0,0
25,0,0
30,0,0
50,0,0
100,0,0
130,0,0
150,0,0
255,0,0

grayscale
0,0,0
255,255,255
127,127,127
64,64,64
191,191,191

black and white
0,0,0
255,255,255

only primaries
0,0,255
0,255,0
255,0,0

primaries + secondaries
0,0,255
0,255,0
255,0,0
255,255,0
0,255,255
255,0,255

primaries + secondaries + black and white
0,0,255
0,255,0
255,0,0
255,255,0
0,255,255
255,0,255
0,0,0
255,255,255

GB Color
0,5,0
0,10,0
0,15,0
0,20,0
0,25,0
0,30,0
0,50,0
0,100,0
0,130,0
0,150,0
0,200,0

gba colors
brown (start of purple, orange and red)
80,48,0
reds
136,20,0
168,16,0
248,56,0
228,92,16
greens
0,88,0
0,104,0
0,168,0
0,184,0
88,216,84
184,248,24
blues
0,64,88
0,0,188
0,0,252
0,136,136
0,232,216
0,252,252
104,68,252
0,88,248
0,120,248
purple
148,0,132
216,0,204
168,0,32
228,0,88
248,120,248
248,184,248
orange
172,124,0
248,184,0
greys
120,120,120
124,124,124
188,188,188
216,216,216
248,248,248
252,252,252


background procedural grays
0,0,0
28,28,28
56,56,56
84,84,84
112,112,112
140,140,140
168,168,168
196,196,196
224,224,224
252,252,252


ventricle viscountess

0,0,255
0,255,0
255,0,0
150,0,0
100,0,0
50,0,0
255,255,0
0,255,255
255,0,255
0,150,150
0,50,50
0,200,200
0,100,150
0,0,50
0,150,200
0,0,150
0,0,100

Pastelle alien colors
0,136,136
0,232,216
0,252,252
104,68,252
0,184,0
88,216,84
184,248,24
168,0,32
228,0,88
248,120,248
248,184,248
248,56,0
228,92,16
0,64,88
0,0,188
0,0,252


purple shadows
148,0,132
216,0,204
168,0,32
228,0,88
248,120,248
248,184,248
0,64,88
0,0,188
0,0,252
0,136,136
0,232,216
0,252,252
104,68,252
0,88,248
0,120,248
168,168,168
196,196,196
224,224,224
252,252,252
